3.701096616109471604e-01 4.821248382531814869e+00 4.390781654332326589e+00 4.066185325680109486e+00 8.055738072025423691e+00
3.701096616109471604e-01 4.817017772655908914e+00 4.387538405329469704e+00 4.062700315707179932e+00 8.064112925085655803e+00
3.701096616109471604e-01 4.820785156517731096e+00 4.389727709522082577e+00 4.065893809335098474e+00 8.056181737581045610e+00
3.701096616109471604e-01 4.822301893560631214e+00 4.391367786549677632e+00 4.066251882786416694e+00 8.057547119411150760e+00
3.701096616109471604e-01 4.822103078762839168e+00 4.391433982050456208e+00 4.067368597250551332e+00 8.048521208044981279e+00
3.701096616109471604e-01 4.825109266122160179e+00 4.393103380109151246e+00 4.068974697835285426e+00 8.047504863494655325e+00
3.715838946267511211e-01 4.299764658393211647e+00 3.940934281510160009e+00 3.625258405446805554e+00 9.980750416906200684e+00
3.715838946267511211e-01 4.308446572965512367e+00 3.947241754717189188e+00 3.631244147815496426e+00 9.977230886632248996e+00
3.715838946267511211e-01 4.300185435784285914e+00 3.940153632117367355e+00 3.625420578654221515e+00 9.990007932443415228e+00
3.715838946267511211e-01 4.316806783363979605e+00 3.954205866174780315e+00 3.636875488231343656e+00 9.973999784887755737e+00
3.715838946267511211e-01 4.300547747436641366e+00 3.939252799981152187e+00 3.624764122157773993e+00 9.999869767841571999e+00
3.715838946267511211e-01 4.295861437028515084e+00 3.936770094441734091e+00 3.622855471400296068e+00 9.992810976315659843e+00
3.715838946267511211e-01 4.285170335391958574e+00 3.929837194279038215e+00 3.617266373687689551e+00 9.996335112040501514e+00
3.715838946267511211e-01 4.301393105749013124e+00 3.942126535654606023e+00 3.625110035857108226e+00 9.984496803683120092e+00
3.715838946267511211e-01 4.297007699709701534e+00 3.937365894173826320e+00 3.622026502076826748e+00 9.997871962545239910e+00
3.715838946267511211e-01 4.304797627546514072e+00 3.944260920576674767e+00 3.628094791419746112e+00 9.977460707323789535e+00
3.715838946267511211e-01 4.300461113047666650e+00 3.940203726214667856e+00 3.625608307924175211e+00 9.985386096658935173e+00
3.715838946267511211e-01 4.305929298271006900e+00 3.944398098873745262e+00 3.628387268223741469e+00 9.989719350294976152e+00
3.715838946267511211e-01 4.293193162771416382e+00 3.935357893128800022e+00 3.619963415214013658e+00 9.998178644268527648e+00
3.715838946267511211e-01 4.301735558816808691e+00 3.942044876205145876e+00 3.626273708449999411e+00 9.982299348720369281e+00
3.715838946267511211e-01 4.305623448080617699e+00 3.944504555623202791e+00 3.627951121443909965e+00 9.983064242551023426e+00
3.715838946267511211e-01 4.305561966580924604e+00 3.945016116090094727e+00 3.628482813490528702e+00 9.997322766501584468e+00
3.715838946267511211e-01 4.292385028225923271e+00 3.934571794560532965e+00 3.620752975115465233e+00 9.995983199859550083e+00
3.715838946267511211e-01 4.297357772289090327e+00 3.939397736715546383e+00 3.623758085164044296e+00 9.989765101927103430e+00
3.715838946267511211e-01 4.306983491667093489e+00 3.946299188414088999e+00 3.629736711703976937e+00 9.977997132140913550e+00
3.715838946267511211e-01 4.303028291900009350e+00 3.943054558281499311e+00 3.627862019868960175e+00 9.986657718840227460e+00
3.715838946267511211e-01 4.296880170242182828e+00 3.938284603469117684e+00 3.624063913525681802e+00 9.995705303997494795e+00
3.715838946267511211e-01 4.301274709923194273e+00 3.941047092127107021e+00 3.624837165446274767e+00 9.988092350677941766e+00
3.715838946267511211e-01 4.299043043031351985e+00 3.938863175879743217e+00 3.623869839151819594e+00 9.992538863342153022e+00
3.715838946267511211e-01 4.301602249777449316e+00 3.942011736516328746e+00 3.625656774931635962e+00 9.993817460007139886e+00
3.715838946267511211e-01 4.304426365752601846e+00 3.943686630021716155e+00 3.627366443538942331e+00 9.993543329684959176e+00
3.715838946267511211e-01 4.290868953866848301e+00 3.934033181984574856e+00 3.619920080261476603e+00 9.992917388627741815e+00
3.715838946267511211e-01 4.303585940954706146e+00 3.943103162140364937e+00 3.627629137859416097e+00 9.994188840329094603e+00
3.715838946267511211e-01 4.307517076786233190e+00 3.945979775972529247e+00 3.630182275665307046e+00 9.986306616606912101e+00
3.715838946267511211e-01 4.297838735351651174e+00 3.938640337990250373e+00 3.622971454925870027e+00 9.998689562059528413e+00
3.715838946267511211e-01 4.306747561969674898e+00 3.946432323129029474e+00 3.630428794681320515e+00 9.971919942945859816e+00
3.715838946267511211e-01 4.297063654661543275e+00 3.938774661246743136e+00 3.623314676257755718e+00 9.999641984601844058e+00
3.715838946267511211e-01 4.310372729180807383e+00 3.949130785802798638e+00 3.632073400731614665e+00 9.974220886414004283e+00
3.715838946267511211e-01 4.301894269149470595e+00 3.941467258353508640e+00 3.626691216335458989e+00 9.984684605422405212e+00
3.715838946267511211e-01 4.302569175663298218e+00 3.941633385712613347e+00 3.626162208620893779e+00 9.991421567130899462e+00
3.715838946267511211e-01 4.299883688354150024e+00 3.939907783262773577e+00 3.624578372052734920e+00 9.994913593782356998e+00
3.715838946267511211e-01 4.304891799287541509e+00 3.944940144231570578e+00 3.628366561265798040e+00 9.992842437489795060e+00
3.715838946267511211e-01 4.296631796566107830e+00 3.937095557724745731e+00 3.622924851536547308e+00 9.993646834522751377e+00
3.715838946267511211e-01 4.311360658998495410e+00 3.950283098504771218e+00 3.633594076647387539e+00 9.969907379837938066e+00
3.715838946267511211e-01 4.311365037694756097e+00 3.949047771975800369e+00 3.632342231723765913e+00 9.971474834324837389e+00
3.715838946267511211e-01 4.288479761665775492e+00 3.931287277785846079e+00 3.618222209381794841e+00 9.997515323085977457e+00
3.715838946267511211e-01 4.284958594967087642e+00 3.930146406810408610e+00 3.617724626630356877e+00 9.989322690357433032e+00
3.715838946267511211e-01 4.297701252868202815e+00 3.939208256847378298e+00 3.622371229320583197e+00 9.990656457144858393e+00
3.715838946267511211e-01 4.291552542157740291e+00 3.932218401178467104e+00 3.618223093407118895e+00 9.999855673650337451e+00
3.715838946267511211e-01 4.314020556859978761e+00 3.952203373082244120e+00 3.635608078118610642e+00 9.969504656558061839e+00
3.715838946267511211e-01 4.301493660159790622e+00 3.940679649681447128e+00 3.626048885137302502e+00 9.999412979019501435e+00
3.715838946267511211e-01 4.306361617881417914e+00 3.946210404541469430e+00 3.630061745668821338e+00 9.980357630138810165e+00
3.715838946267511211e-01 4.304241494880336916e+00 3.942902259021566103e+00 3.627193866134802658e+00 9.992206860376837696e+00
3.715838946267511211e-01 4.310660578055069081e+00 3.949393163392367345e+00 3.631947278046252503e+00 9.976283872721529278e+00
3.715838946267511211e-01 4.310050761808768449e+00 3.949215219689351297e+00 3.632098497672077375e+00 9.978686862209611874e+00
3.715838946267511211e-01 4.309286485541787393e+00 3.948283411038139956e+00 3.630779449252575120e+00 9.984115970553391506e+00
3.715838946267511211e-01 4.296319357264223093e+00 3.935681216968740070e+00 3.621236181962479428e+00 9.996104480298491524e+00
3.715838946267511211e-01 4.295942053483446266e+00 3.937770342233252396e+00 3.622011865067793934e+00 9.999007025128330284e+00
3.715838946267511211e-01 4.301409456966093003e+00 3.942414932870437649e+00 3.624498140395422396e+00 9.991161860166515751e+00
3.715838946267511211e-01 4.304084895997874582e+00 3.944495860395412556e+00 3.629118033117158859e+00 9.981497730003825453e+00
3.715838946267511211e-01 4.302603002476652172e+00 3.942958846885097124e+00 3.625821379427761837e+00 9.986663199410763525e+00
3.715838946267511211e-01 4.306866829069947222e+00 3.945697132305302723e+00 3.629206241058720472e+00 9.994436202810497605e+00
3.715838946267511211e-01 4.312835072769297007e+00 3.950806346074902109e+00 3.634374669372823607e+00 9.978633559617552606e+00
3.715838946267511211e-01 4.291972728660643277e+00 3.935269645171227459e+00 3.621201852782052200e+00 9.990469335366364945e+00
3.715838946267511211e-01 4.307743936102382598e+00 3.946793433307298038e+00 3.631016293826505592e+00 9.977982902374399998e+00
3.715838946267511211e-01 4.320233639350639088e+00 3.957139976419496996e+00 3.639713806240966854e+00 9.961185725744519104e+00
3.715838946267511211e-01 4.302269655460197129e+00 3.942639033690319650e+00 3.626911702741985710e+00 9.990990094570504354e+00
3.715838946267511211e-01 4.298501940535069288e+00 3.939740188785204378e+00 3.624446260722569590e+00 9.997029849005730995e+00
3.715838946267511211e-01 4.287372408835037341e+00 3.931481462752047573e+00 3.617972762371567175e+00 9.994321473498326114e+00
3.715838946267511211e-01 4.306631248969519987e+00 3.946215599951411246e+00 3.629773372915446661e+00 9.970937464857737353e+00
3.715838946267511211e-01 4.297919895106941723e+00 3.938666284420861530e+00 3.623555993235557438e+00 9.994265168237213004e+00
3.715838946267511211e-01 4.306910171613104410e+00 3.945567073825117177e+00 3.629361791699647455e+00 9.977761248408912209e+00
3.715838946267511211e-01 4.315094975200816307e+00 3.953349413358579589e+00 3.636367508718167052e+00 9.959022977279008870e+00
3.715838946267511211e-01 4.300304849366745508e+00 3.939321290579926416e+00 3.624954032651374725e+00 9.993573852612971820e+00
3.715838946267511211e-01 4.308875730868052756e+00 3.946794702266775090e+00 3.630677603453357882e+00 9.989933109594170801e+00
3.715838946267511211e-01 4.313572386428852212e+00 3.950967605366295210e+00 3.634177273308624834e+00 9.967442589473947123e+00
3.715838946267511211e-01 4.309982346124005659e+00 3.948051507134231475e+00 3.632126330774273271e+00 9.977418401111721735e+00
3.715838946267511211e-01 4.294754836776903950e+00 3.937519067481572321e+00 3.623191123574647232e+00 9.984957988859362032e+00
3.715838946267511211e-01 4.306304186107280607e+00 3.945068573067250117e+00 3.629081282816756904e+00 9.981725435710746552e+00
3.715838946267511211e-01 4.304905787374428527e+00 3.944183371685012762e+00 3.628132591638145499e+00 9.999997048019917401e+00
3.715838946267511211e-01 4.298064352146777622e+00 3.940254368230369675e+00 3.624935031683134135e+00 9.980998653761080419e+00
3.715838946267511211e-01 4.296310106392955852e+00 3.937043328458675884e+00 3.622411101604456896e+00 9.995484792865095613e+00
3.715838946267511211e-01 4.319920191285368638e+00 3.956800636389393944e+00 3.639304855977552045e+00 9.966210910897610020e+00
3.715838946267511211e-01 4.299110006022027974e+00 3.940474310517109835e+00 3.624093362609498215e+00 9.997559065243436294e+00
3.715838946267511211e-01 4.293371136623911788e+00 3.935887740856585992e+00 3.621956730577141848e+00 9.989080483087436235e+00
3.715838946267511211e-01 4.310586447465595938e+00 3.948830583429863150e+00 3.631542598895725948e+00 9.996350963688563240e+00
3.715838946267511211e-01 4.297728153334355206e+00 3.939510585033184409e+00 3.622638361753128589e+00 9.991782745741012661e+00
3.715838946267511211e-01 4.303862001098195833e+00 3.944818307134671187e+00 3.628650446346761260e+00 9.970730581130389680e+00
3.715838946267511211e-01 4.298241376137550418e+00 3.939493931431591101e+00 3.622663224449077291e+00 9.991055277227690823e+00
3.715838946267511211e-01 4.305182563413426422e+00 3.945306727881304099e+00 3.629182601631396388e+00 9.980611308592218123e+00
3.715838946267511211e-01 4.309241959105661657e+00 3.947806414050955670e+00 3.630623352183828700e+00 9.988415519069860693e+00
3.715838946267511211e-01 4.294653565411123530e+00 3.936981171116331613e+00 3.621182734213325372e+00 9.996878511593244809e+00
3.715838946267511211e-01 4.297217581548466114e+00 3.938039141219619843e+00 3.621356988495689322e+00 9.997164594901981616e+00
3.715838946267511211e-01 4.314625288728760388e+00 3.951761806244655340e+00 3.635243251222346927e+00 9.970049270668493335e+00
3.715838946267511211e-01 4.291531309907059999e+00 3.933949830871479314e+00 3.620086381032863176e+00 9.994165021043414754e+00
3.715838946267511211e-01 4.300079442153327491e+00 3.941592966294947598e+00 3.626986032411675609e+00 9.985531599746316544e+00
3.715838946267511211e-01 4.308314236076875581e+00 3.946174431387448056e+00 3.630253559624144977e+00 9.993917989760912945e+00
3.715838946267511211e-01 4.312543298156313654e+00 3.950293583494746130e+00 3.633073218109650337e+00 9.985757696424652607e+00
3.715838946267511211e-01 4.302869572126836850e+00 3.943916962012623983e+00 3.627914864329014222e+00 9.978133942436578252e+00
3.715838946267511211e-01 4.308021106625044894e+00 3.947631471993535701e+00 3.631841527097583899e+00 9.980656491616270998e+00
