4.233492633030666585e-01 4.185353370122071759e+00 3.825971053384587428e+00 3.575949086796932352e+00 9.755465879669728224e+00
4.261276876195356778e-01 4.056646306591549234e+00 3.727630142576837891e+00 3.494225040595643428e+00 9.902430120299968053e+00
4.261276876195356778e-01 4.048794137741801968e+00 3.720968347070847226e+00 3.488586553442031946e+00 9.917472130637353445e+00
4.261276876195356778e-01 4.028389712696312408e+00 3.705592395281831042e+00 3.474572316713587128e+00 9.937656431089120446e+00
4.261276876195356778e-01 4.051009973531373376e+00 3.722998062867465485e+00 3.491682536264574477e+00 9.907538939831578517e+00
4.261276876195356778e-01 4.065482786168529650e+00 3.734192937327117434e+00 3.499589898294337420e+00 9.890128154849065822e+00
4.261276876195356778e-01 4.045787701804326453e+00 3.719802301314715898e+00 3.487971663092158003e+00 9.910670969294075761e+00
4.261276876195356778e-01 4.054310122831930485e+00 3.725904947514663057e+00 3.491577875146487653e+00 9.904316766280045314e+00
4.261276876195356778e-01 4.055988459933526968e+00 3.726552513801807187e+00 3.493830305782236856e+00 9.906687992377747776e+00
4.261276876195356778e-01 4.051947992782185537e+00 3.723369710168336955e+00 3.491425490911330698e+00 9.913035458328403493e+00
4.261276876195356778e-01 4.062549434339814525e+00 3.732124634578401157e+00 3.497863384907340389e+00 9.893922866386589021e+00
4.261276876195356778e-01 4.035901652909926085e+00 3.711879005622454653e+00 3.481853639015288771e+00 9.919899015216287808e+00
4.261276876195356778e-01 4.035965198447009072e+00 3.712731027327325517e+00 3.482428951589080501e+00 9.917119854960272818e+00
4.261276876195356778e-01 4.039637017183790313e+00 3.715203227147795939e+00 3.484692142399430814e+00 9.914740207020077634e+00
4.261276876195356778e-01 4.057971034658512721e+00 3.728951058097092819e+00 3.495608807984257993e+00 9.898613426834995010e+00
4.261276876195356778e-01 4.080740386236139550e+00 3.745536018755775132e+00 3.509348976975211976e+00 9.878955449182921456e+00
4.261276876195356778e-01 4.068303487410906527e+00 3.736035953195189663e+00 3.501059410537867844e+00 9.893911711339214321e+00
4.261276876195356778e-01 4.021317656816279396e+00 3.700943299869659864e+00 3.471362755577926951e+00 9.940198811522920508e+00
4.261276876195356778e-01 4.087017508723007175e+00 3.750316272364405012e+00 3.512969282745463495e+00 9.872961973599984731e+00
4.261276876195356778e-01 4.045042057894463028e+00 3.719572118993307086e+00 3.488385168698950878e+00 9.904091322943980202e+00
4.261276876195356778e-01 4.042296000374741460e+00 3.716264976576878709e+00 3.486058599684390025e+00 9.919484638038952085e+00
4.261276876195356778e-01 4.037738078300749933e+00 3.713265280647654265e+00 3.483181933337771152e+00 9.919470401242950430e+00
4.261276876195356778e-01 4.031569087955833908e+00 3.709012626506976495e+00 3.478448184888937256e+00 9.926585901262834355e+00
4.261276876195356778e-01 4.046293692880207793e+00 3.719785397879125100e+00 3.488741101385778975e+00 9.913110580914171521e+00
4.261276876195356778e-01 4.072242180317028115e+00 3.739546933033814469e+00 3.505008014685107920e+00 9.883455192358193031e+00
4.278417954171689352e-01 4.205587200019226479e+00 3.842737808127451693e+00 3.587909511967207088e+00 9.717215900636311687e+00
4.278417954171689352e-01 4.176735622621643884e+00 3.821504406371925455e+00 3.571037441587946226e+00 9.745494960232880644e+00
4.278417954171689352e-01 4.171168854448684904e+00 3.816875320863125864e+00 3.567862971754012680e+00 9.744451979068601943e+00
4.278417954171689352e-01 4.169335414962056063e+00 3.814393816186130604e+00 3.566611198804483518e+00 9.759954009508124528e+00
4.285685981842597414e-01 4.523261557247003850e+00 4.112670111350212210e+00 3.829180759979762705e+00 9.094641084128987529e+00
4.285685981842597414e-01 4.534770652040037930e+00 4.125290409807679026e+00 3.840489968041487678e+00 9.059878453630540562e+00
4.285685981842597414e-01 4.483105823883524188e+00 4.085802169156182551e+00 3.808586345501183690e+00 9.118099027770636411e+00
4.285685981842597414e-01 4.490270694027178600e+00 4.094730718115126678e+00 3.818220877834236582e+00 9.081807162655437082e+00
4.285685981842597414e-01 4.540292968361405279e+00 4.130317929788369646e+00 3.845852192785871981e+00 9.038176957641471887e+00
4.285685981842597414e-01 4.550730638137436834e+00 4.132406141361433249e+00 3.842651643891533464e+00 9.079960742822098752e+00
4.285685981842597414e-01 4.489106320849076681e+00 4.091827553363526881e+00 3.815432586651394509e+00 9.091363887910556940e+00
4.285685981842597414e-01 4.546851285052508906e+00 4.132875069724620154e+00 3.847463136347669010e+00 9.058681272953162278e+00
4.285685981842597414e-01 4.548094607750600815e+00 4.135866682994834065e+00 3.848141126535121082e+00 9.044179533540642524e+00
4.285685981842597414e-01 4.519614477631180627e+00 4.109515462313525269e+00 3.828530059606717550e+00 9.094486786190573824e+00
4.285685981842597414e-01 4.527590789571365626e+00 4.116862934392876205e+00 3.833736158751269496e+00 9.089813512634847825e+00
4.285685981842597414e-01 4.562036597669665738e+00 4.142657348307935194e+00 3.855049736165723218e+00 9.040488006029551826e+00
4.285685981842597414e-01 4.572902139983773928e+00 4.151510166619294395e+00 3.863331557207161371e+00 9.012091066660461891e+00
4.285685981842597414e-01 4.522430219959108655e+00 4.114320367785298416e+00 3.831143659762671128e+00 9.083398799832780313e+00
4.285685981842597414e-01 4.568743608974667580e+00 4.148545877565282147e+00 3.860565731834642023e+00 9.024769499518525251e+00
4.291905238464686079e-01 4.335050683761194179e+00 3.942195378370870529e+00 3.671177633105013882e+00 9.563329716735697872e+00
4.316634689803444669e-01 4.194973401737856378e+00 3.839580787923964067e+00 3.567692794937228129e+00 9.952329141886623987e+00
4.316634689803444669e-01 4.201736156955216295e+00 3.846161939119633111e+00 3.570049786651673607e+00 9.949225815520303939e+00
4.316634689803444669e-01 4.186356753046901247e+00 3.828708943343854365e+00 3.557699222801343097e+00 9.991172266198589114e+00
4.316634689803444669e-01 4.255878955601950508e+00 3.889714184214643655e+00 3.603816493129674559e+00 9.890785025542660591e+00
4.316634689803444669e-01 4.239701693912992120e+00 3.868759415363626886e+00 3.589891758230804975e+00 9.923326853777110657e+00
4.316634689803444669e-01 4.180745409655193257e+00 3.829090147663449351e+00 3.558494634499209219e+00 9.952213520365367216e+00
4.316634689803444669e-01 4.198981872928635894e+00 3.841470658196116883e+00 3.570652594396384938e+00 9.949079836865099224e+00
4.316634689803444669e-01 4.178372690366315645e+00 3.830078908787699632e+00 3.561446970294239289e+00 9.936334072778574722e+00
4.316634689803444669e-01 4.219093743634823923e+00 3.856649674825149532e+00 3.578824833217232992e+00 9.929997218221567223e+00
4.316634689803444669e-01 4.183267503900965245e+00 3.827085851472738831e+00 3.554059349615233732e+00 9.979502583610287303e+00
4.316634689803444669e-01 4.135396613139174171e+00 3.798481882461111514e+00 3.536985698919905108e+00 9.966620230790422141e+00
4.316634689803444669e-01 4.187297186238493119e+00 3.832095519068781542e+00 3.558665053151328639e+00 9.988336257628866122e+00
4.316634689803444669e-01 4.212889515526432760e+00 3.853085613819204447e+00 3.575530857110266414e+00 9.952192728768132213e+00
4.316634689803444669e-01 4.186844951787272784e+00 3.829631350356745401e+00 3.560444643179682345e+00 9.983992465029876584e+00
4.316634689803444669e-01 4.209264852255979683e+00 3.847028040384511627e+00 3.571771494660930912e+00 9.970687407586584783e+00
4.316634689803444669e-01 4.259001808941582645e+00 3.888331409164621721e+00 3.604236112270073455e+00 9.889924672449890153e+00
4.316634689803444669e-01 4.147570170770888964e+00 3.803846439347281727e+00 3.543210683257384197e+00 9.982735096425042087e+00
4.316634689803444669e-01 4.155764663125567360e+00 3.809952226243236151e+00 3.546304159340604834e+00 9.974100180514307468e+00
4.316634689803444669e-01 4.145904882248826695e+00 3.804341915443309574e+00 3.538490897324559459e+00 9.988631217037561072e+00
4.316634689803444669e-01 4.161120980636801470e+00 3.815720370855253396e+00 3.548768532282692512e+00 9.984669484786914850e+00
4.316634689803444669e-01 4.195446026791232796e+00 3.838548386238152865e+00 3.565630807428239013e+00 9.970678766731079889e+00
4.316634689803444669e-01 4.138643051007980134e+00 3.796858695734206535e+00 3.536356021073103761e+00 9.996445336706967666e+00
4.316634689803444669e-01 4.132214810674269323e+00 3.796669558163408453e+00 3.532884360895671705e+00 9.994249025009811049e+00
4.316634689803444669e-01 4.205161893635580128e+00 3.842128928334347826e+00 3.567387871795314247e+00 9.988524870507474063e+00
4.316634689803444669e-01 4.189170527834559898e+00 3.839181517858291759e+00 3.566725016149053573e+00 9.938170555739080925e+00
4.316634689803444669e-01 4.193109607098040925e+00 3.835844200149072680e+00 3.560655983925781420e+00 9.995395684057884367e+00
4.316634689803444669e-01 4.208558813255156572e+00 3.845068747620891791e+00 3.570889742616438767e+00 9.967767547461118482e+00
4.316634689803444669e-01 4.173977694000572392e+00 3.825195453411138757e+00 3.555765324796768656e+00 9.971624028259689965e+00
4.316634689803444669e-01 4.194445701687552486e+00 3.844407547127414837e+00 3.570174357292613898e+00 9.932193168117784410e+00
4.316634689803444669e-01 4.192398940900488036e+00 3.837560466065994103e+00 3.562429170785684995e+00 9.966983875751862954e+00
4.316634689803444669e-01 4.226095528765834608e+00 3.860637081862046571e+00 3.581308565447784087e+00 9.927424086992175489e+00
4.316634689803444669e-01 4.226900922992580689e+00 3.866391946028822080e+00 3.586096976834205918e+00 9.924422596742232372e+00
4.316634689803444669e-01 4.205758717528400581e+00 3.846055802073571783e+00 3.574370870313742898e+00 9.944855146516729860e+00
4.316634689803444669e-01 4.205935886884311969e+00 3.842890057356896705e+00 3.566314761113451581e+00 9.970159746199218631e+00
4.316634689803444669e-01 4.232614195543012769e+00 3.862434881393105979e+00 3.584977534244329966e+00 9.944736996907501236e+00
4.316634689803444669e-01 4.235058698941075228e+00 3.869669521358924058e+00 3.588663042444274698e+00 9.920918161003219993e+00
4.316634689803444669e-01 4.179294045160598436e+00 3.826351347256707669e+00 3.554441289159674611e+00 9.988724579137988613e+00
4.316634689803444669e-01 4.190401461567753394e+00 3.837688039638257997e+00 3.566098720754700135e+00 9.937219350156569320e+00
4.316634689803444669e-01 4.253514035340901778e+00 3.883321020141649704e+00 3.600251552752257389e+00 9.894162564339017862e+00
4.316634689803444669e-01 4.239678729565051540e+00 3.869207742453877330e+00 3.591200645054461571e+00 9.921557910614865250e+00
4.316634689803444669e-01 4.190889293003738914e+00 3.836235362828961826e+00 3.562633069464966162e+00 9.958645955931471505e+00
4.316634689803444669e-01 4.197123898873664771e+00 3.841653877064941991e+00 3.568115704549108536e+00 9.934604640374441686e+00
4.316634689803444669e-01 4.247418715032849512e+00 3.879703827790256465e+00 3.598561756477320461e+00 9.895358091782149756e+00
4.316634689803444669e-01 4.244170541480452030e+00 3.874515751033894784e+00 3.597134893254054333e+00 9.903165824657877536e+00
4.316634689803444669e-01 4.173123757188814231e+00 3.821694843945445008e+00 3.553553302556356819e+00 9.978732638933589527e+00
4.316634689803444669e-01 4.204628825117481483e+00 3.850823501706721608e+00 3.576178569893037285e+00 9.912535201409083285e+00
4.316634689803444669e-01 4.137306239859428914e+00 3.797680151732799825e+00 3.534936049788880208e+00 9.985980834141049201e+00
4.316634689803444669e-01 4.226578341368930403e+00 3.861764248016016587e+00 3.587193325698558422e+00 9.916525271459153856e+00
4.316634689803444669e-01 4.166778519175025508e+00 3.819052064691424775e+00 3.550968731641524823e+00 9.979624528599016386e+00
4.316634689803444669e-01 4.269622176697576599e+00 3.894094709155240697e+00 3.610408813107886861e+00 9.880138626901807442e+00
4.316634689803444669e-01 4.196781216143572912e+00 3.834482437736145943e+00 3.560783003979691053e+00 9.989432396404147596e+00
4.316634689803444669e-01 4.225199685543403305e+00 3.860854152339621592e+00 3.579700871941859930e+00 9.942913064572614701e+00
4.316634689803444669e-01 4.226181558820426787e+00 3.861652439401626946e+00 3.581174007868475062e+00 9.959487228625071964e+00
4.316634689803444669e-01 4.212210647138874720e+00 3.848556160082485356e+00 3.575320762001212405e+00 9.948380237403428694e+00
4.316634689803444669e-01 4.200742313906802750e+00 3.840995347924265779e+00 3.570134296178008260e+00 9.951269599710791169e+00
