3.133897775157865606e-01 4.488820439937124540e+00 3.941012226658466844e+00 3.650712740607176876e+00 9.853415888616517293e+00
3.133897775157865606e-01 4.503304450596354869e+00 3.950657951752412966e+00 3.658118182595612389e+00 9.848307847074718069e+00
3.133897775157865606e-01 4.461452837725253140e+00 3.919857824943258073e+00 3.633057268900256709e+00 9.891433455577338663e+00
3.133897775157865606e-01 4.487875227187918092e+00 3.940603875969481251e+00 3.649330995125825261e+00 9.863664354435847770e+00
3.133897775157865606e-01 4.512020735260555249e+00 3.958568695911104385e+00 3.664044867584195675e+00 9.837620438519717680e+00
3.133897775157865606e-01 4.514654635884096656e+00 3.959105052761581423e+00 3.666064003217755829e+00 9.833041579081163164e+00
3.133897775157865606e-01 4.452462782695847388e+00 3.912413858258277699e+00 3.627551584384851147e+00 9.900173671139430809e+00
3.133897775157865606e-01 4.495444949660261535e+00 3.945979842169242247e+00 3.652186464565359447e+00 9.863407525687708954e+00
3.133897775157865606e-01 4.479379441664248063e+00 3.934109349108447340e+00 3.644669111643930037e+00 9.866052864148732837e+00
3.133897775157865606e-01 4.484456711429477771e+00 3.934798738654082140e+00 3.643820465759854077e+00 9.880474975759334200e+00
3.133897775157865606e-01 4.476540938799550950e+00 3.928201650863084815e+00 3.638219126936062864e+00 9.892655118068020670e+00
3.133897775157865606e-01 4.507921440712899575e+00 3.953693932899914998e+00 3.660452816613688043e+00 9.846511943296752278e+00
3.133897775157865606e-01 4.465671613802506990e+00 3.922962268878957826e+00 3.636250761329759218e+00 9.883481263668995709e+00
3.133897775157865606e-01 4.502170057739647291e+00 3.950829903129264853e+00 3.659045473471520538e+00 9.840103627260759822e+00
3.133897775157865606e-01 4.479582309256018746e+00 3.932925460925412064e+00 3.644481009293125240e+00 9.868294459244019379e+00
3.133897775157865606e-01 4.471236112642532845e+00 3.926338387962560184e+00 3.637521761078058802e+00 9.883774972662980218e+00
3.133897775157865606e-01 4.508548332836354255e+00 3.956449798870655954e+00 3.664217352629578262e+00 9.829201162810290882e+00
3.133897775157865606e-01 4.453168906729322529e+00 3.913188690246692580e+00 3.627028546540807419e+00 9.900528221936893303e+00
3.133897775157865606e-01 4.466413925029860899e+00 3.924521014394541041e+00 3.635855012962946109e+00 9.886574892166668960e+00
3.133897775157865606e-01 4.493231071389407028e+00 3.942266834555021582e+00 3.649663158828025722e+00 9.864675542067073977e+00
3.133897775157865606e-01 4.480045570838050217e+00 3.934414187602081281e+00 3.643821214415698950e+00 9.869509271018120700e+00
3.133897775157865606e-01 4.488866241120272882e+00 3.938671267585566405e+00 3.647950820067181965e+00 9.870156253468039154e+00
3.133897775157865606e-01 4.465795828131741807e+00 3.921629113905887198e+00 3.633145517763431975e+00 9.897888226254561772e+00
3.133897775157865606e-01 4.519077028322291412e+00 3.964807911826885967e+00 3.671001637385948868e+00 9.819733808048912493e+00
3.133897775157865606e-01 4.498756516984715681e+00 3.948364502955211019e+00 3.653987739347674513e+00 9.859966026675619943e+00
3.133897775157865606e-01 4.497258585926338981e+00 3.947975399484317194e+00 3.655979078287141082e+00 9.850097560404558195e+00
3.133897775157865606e-01 4.464705929866364720e+00 3.922700539591162716e+00 3.635733300257559808e+00 9.880615020157769379e+00
3.133897775157865606e-01 4.515106830919077829e+00 3.961043758149214167e+00 3.668169657040117215e+00 9.826547638783116767e+00
3.133897775157865606e-01 4.476695458289983165e+00 3.930851478084580908e+00 3.641416742082169034e+00 9.872093919920398974e+00
3.133897775157865606e-01 4.474140227944571002e+00 3.929248635830965508e+00 3.640596571662243708e+00 9.877268931867034141e+00
3.133897775157865606e-01 4.482204886307660452e+00 3.935337006121930603e+00 3.645318604630024328e+00 9.866860528278060372e+00
3.133897775157865606e-01 4.453129382871461317e+00 3.912334996413275423e+00 3.626373091689517825e+00 9.901527740113904130e+00
3.133897775157865606e-01 4.490341829397849871e+00 3.940722893672255811e+00 3.649908163882876977e+00 9.862745594977235797e+00
3.133897775157865606e-01 4.476693685379829368e+00 3.931588200473315808e+00 3.642141157606305413e+00 9.871648483418773878e+00
3.133897775157865606e-01 4.487434668420129391e+00 3.937195590644050558e+00 3.645778783986227012e+00 9.874984475276082918e+00
3.133897775157865606e-01 4.507009834791686487e+00 3.954642081474406545e+00 3.662435555631359030e+00 9.835369379308332327e+00
3.133897775157865606e-01 4.482849240215234232e+00 3.937123084400451223e+00 3.645872255595726585e+00 9.870921306349213609e+00
3.133897775157865606e-01 4.482187445745196008e+00 3.935739008907352954e+00 3.645082875435361025e+00 9.869383079949948012e+00
3.133897775157865606e-01 4.484258046063348324e+00 3.938225243977728773e+00 3.648059352351552764e+00 9.859920534922668622e+00
3.133897775157865606e-01 4.476536334446131526e+00 3.930617892843104144e+00 3.641692028271538817e+00 9.874660401377614249e+00
3.133897775157865606e-01 4.496580836376613100e+00 3.946956483380885672e+00 3.654584969415274109e+00 9.855320079333964145e+00
3.133897775157865606e-01 4.493162055607054839e+00 3.945557777208101413e+00 3.653800117684093962e+00 9.852434718453784157e+00
3.133897775157865606e-01 4.515543815226097379e+00 3.962310972353970673e+00 3.669195616197679755e+00 9.822623376938484085e+00
3.133897775157865606e-01 4.454535303770522425e+00 3.912770269706559834e+00 3.626642796674502289e+00 9.907090491021858014e+00
3.133897775157865606e-01 4.464339331312040748e+00 3.920919967728021760e+00 3.634576988886179638e+00 9.888146182748918989e+00
3.133897775157865606e-01 4.482590650431898638e+00 3.933199492927205831e+00 3.643032744504417497e+00 9.881819559364604544e+00
3.133897775157865606e-01 4.498594639725632227e+00 3.946442307227043145e+00 3.654108541076717565e+00 9.855076968491919942e+00
3.171584929540203213e-01 4.278882475284609299e+00 3.793343551831743987e+00 3.540166773765669461e+00 9.989063028645119857e+00
3.171584929540203213e-01 4.281262401589559730e+00 3.800482634205651244e+00 3.548918724356572518e+00 9.964365066812870708e+00
3.171584929540203213e-01 4.281764145302092039e+00 3.796869793342171562e+00 3.541096999778081234e+00 9.991263230287968256e+00
3.171584929540203213e-01 4.298062774597152469e+00 3.813146663143100135e+00 3.557659334311464860e+00 9.953741690255295538e+00
3.171584929540203213e-01 4.272917003969989302e+00 3.789440120085228791e+00 3.538362299772078501e+00 9.987673201695896452e+00
3.171584929540203213e-01 4.300067237748016247e+00 3.817942850223896123e+00 3.565519102198466239e+00 9.927036908688734229e+00
3.171584929540203213e-01 4.298018700205011200e+00 3.810910917297895661e+00 3.556588128292973661e+00 9.956894722096363282e+00
3.171584929540203213e-01 4.302531677944675614e+00 3.816855648318924210e+00 3.563367724485834387e+00 9.938591608530209953e+00
3.171584929540203213e-01 4.293599899983376211e+00 3.810604325864336506e+00 3.556675836454595174e+00 9.952048618133474633e+00
3.171584929540203213e-01 4.295278362664364025e+00 3.812287013994718698e+00 3.558408850490780484e+00 9.947646688776256241e+00
3.171584929540203213e-01 4.302585104493258150e+00 3.815298647126708076e+00 3.560176735211202370e+00 9.952142917956571466e+00
3.171584929540203213e-01 4.292186473356181864e+00 3.807053408563847441e+00 3.554945438429435889e+00 9.958646237429181980e+00
3.171584929540203213e-01 4.288344877870209793e+00 3.804434588233763570e+00 3.552651948854753883e+00 9.958477321246114400e+00
3.171584929540203213e-01 4.296851613467294051e+00 3.810503333058433917e+00 3.554477202647078116e+00 9.968258054889032493e+00
3.171584929540203213e-01 4.290922274916399104e+00 3.806884412103930249e+00 3.554054908177076033e+00 9.956116912808006703e+00
3.171584929540203213e-01 4.290069514540786777e+00 3.807440208618899202e+00 3.553957579119283672e+00 9.956237435194951857e+00
3.176394881426671812e-01 4.319924292243860542e+00 3.864571867152985618e+00 3.601616632954769415e+00 9.785607899474960902e+00
3.176394881426671812e-01 4.313153743100992976e+00 3.858855185538708987e+00 3.596224006919284122e+00 9.797407850021315312e+00
3.176394881426671812e-01 4.322419321682503757e+00 3.865990193085633742e+00 3.602639457332848849e+00 9.793063716815453290e+00
3.176394881426671812e-01 4.356331524733040084e+00 3.893672546429615355e+00 3.621583016989087245e+00 9.771511784768236453e+00
3.176394881426671812e-01 4.261790578667685736e+00 3.819253283078912098e+00 3.565501352911842670e+00 9.848474664030351988e+00
3.176394881426671812e-01 4.320805151061796856e+00 3.859851151244644285e+00 3.598056842093817487e+00 9.803291297260939174e+00
3.176394881426671812e-01 4.299981377043897268e+00 3.847914260296644962e+00 3.588375424950227544e+00 9.814111284574401850e+00
3.176394881426671812e-01 4.276102377506905583e+00 3.828467144925872034e+00 3.573267594112168322e+00 9.835822527066158116e+00
3.176394881426671812e-01 4.321969657873909298e+00 3.864215544111835321e+00 3.598754054465198138e+00 9.808668046924022832e+00
3.176394881426671812e-01 4.312198112986172838e+00 3.856569295889643811e+00 3.593102071154257171e+00 9.816142246267817839e+00
3.176394881426671812e-01 4.300402796915757442e+00 3.848346719746311706e+00 3.588401733581205733e+00 9.816519048959726490e+00
3.176394881426671812e-01 4.278519951156474654e+00 3.829398878003239748e+00 3.573744997132980661e+00 9.832700828642156665e+00
3.176394881426671812e-01 4.376243362374443890e+00 3.908769824268920168e+00 3.635150380573842099e+00 9.734062908784091306e+00
3.176394881426671812e-01 4.359405623710797428e+00 3.892607678898178492e+00 3.620701227269642608e+00 9.783613226893255188e+00
3.176394881426671812e-01 4.343425282627044304e+00 3.884096007465197786e+00 3.613725071921074505e+00 9.792294055792172713e+00
3.176394881426671812e-01 4.314793132065787518e+00 3.855573368822636127e+00 3.594014573054336914e+00 9.813393116531624827e+00
3.176394881426671812e-01 4.342036970663601281e+00 3.880013879201175797e+00 3.613120296684376065e+00 9.777162146104551255e+00
3.176394881426671812e-01 4.326764698481277982e+00 3.867871324517924148e+00 3.603088736695325700e+00 9.789984999522642894e+00
3.176394881426671812e-01 4.321933805163898690e+00 3.866568123712379013e+00 3.602506475052122958e+00 9.784339706971117323e+00
3.176394881426671812e-01 4.266033936436788743e+00 3.820752672846762898e+00 3.568003580638791306e+00 9.839589922628562135e+00
3.176394881426671812e-01 4.345003195639630000e+00 3.882991041917624120e+00 3.614348350426491496e+00 9.780658004292927643e+00
3.176394881426671812e-01 4.322294639276161199e+00 3.865732034279083518e+00 3.601466934742087567e+00 9.803226709646038373e+00
3.176394881426671812e-01 4.331517013598620736e+00 3.874081406061913313e+00 3.606197336663821140e+00 9.803361107661206830e+00
3.176394881426671812e-01 4.284054084607821444e+00 3.836502050776605888e+00 3.580096369810640500e+00 9.817732414965325560e+00
3.176394881426671812e-01 4.327391667267425746e+00 3.870337047988516854e+00 3.604044359172037026e+00 9.805419013717449062e+00
3.176394881426671812e-01 4.266630036746952293e+00 3.821743356961497362e+00 3.568349147308808700e+00 9.838880523449194726e+00
3.176394881426671812e-01 4.303079942728037288e+00 3.851255834751249552e+00 3.590212566283404794e+00 9.806464316227135214e+00
3.176394881426671812e-01 4.308935294103814151e+00 3.854367689051263923e+00 3.591240180799875947e+00 9.826698545080450486e+00
3.176394881426671812e-01 4.359237243223577529e+00 3.892175780305711097e+00 3.620192348309795971e+00 9.776366425448125952e+00
3.176394881426671812e-01 4.372433360392988355e+00 3.904659509007736951e+00 3.631526657750069553e+00 9.751004742570252404e+00
3.176394881426671812e-01 4.293723724373926132e+00 3.841828054062037090e+00 3.581719572689858300e+00 9.837184811846046983e+00
3.176394881426671812e-01 4.332672223036990289e+00 3.868381068200340334e+00 3.601989039339214216e+00 9.806861565621709076e+00
3.176394881426671812e-01 4.294783643626509217e+00 3.841684779377477987e+00 3.583572978473292814e+00 9.819101072905780825e+00
3.176394881426671812e-01 4.289582754110915275e+00 3.839111435002140471e+00 3.580447704022520217e+00 9.826252004949632024e+00
3.176394881426671812e-01 4.318550415027808675e+00 3.862802123624021533e+00 3.598613076150187773e+00 9.806993616356924903e+00
3.176394881426671812e-01 4.313850258975979735e+00 3.855334335299570370e+00 3.594850727635543031e+00 9.805910733041834249e+00
3.176394881426671812e-01 4.371959888188287735e+00 3.905058819894939859e+00 3.630576476836683053e+00 9.753901088058931634e+00
