6.404913470144766308e-01 1.462472979671149531e+00 2.329342334221983002e+00 2.984404895389338286e+00 1.695801389616393706e+00
6.404913470144766308e-01 3.591202919133324567e+00 3.755660757789653914e+00 3.940540131549386427e+00 1.686263040256206214e+00
6.404913470144766308e-01 4.394483958231146126e+00 4.274423108625599710e+00 4.274472213716935975e+00 1.698918182501096830e+00
6.404913470144766308e-01 6.955109442635281525e+00 5.977817828376407405e+00 5.407225762724855223e+00 1.698781789402781239e+00
6.404913470144766308e-01 2.384774778739835899e+00 2.946494601416755010e+00 3.396915513850237822e+00 1.693089191802106264e+00
6.404913470144766308e-01 6.740049909768499603e+00 5.843497416858459914e+00 5.324086651111683111e+00 1.686796218811208448e+00
6.404913470144766308e-01 7.224240780544251450e+00 6.154726622740088082e+00 5.523843790898417261e+00 1.701234867686269858e+00
6.404913470144766308e-01 5.793578771627936774e+00 5.210085563489402993e+00 4.900935469659496668e+00 1.691620291788111796e+00
6.404913470144766308e-01 1.682038568321885030e+00 2.488811832683354375e+00 3.100657575133829447e+00 1.687007316291471160e+00
6.404913470144766308e-01 6.647721302530003484e+00 5.782325300103491550e+00 5.283356208055409731e+00 1.686638648508518301e+00
6.404913470144766308e-01 3.649659015593136324e+00 3.789980814978859414e+00 3.959406674510315582e+00 1.690382111253909692e+00
6.404913470144766308e-01 2.266431095019633357e+00 2.863005499598474834e+00 3.338740809455733149e+00 1.696015098298340185e+00
6.404913470144766308e-01 3.840393829374284973e+00 3.902716154447277042e+00 4.024998121425737097e+00 1.701668826996358685e+00
6.404913470144766308e-01 6.922680153603288034e+00 5.961141482407422032e+00 5.399089632308823994e+00 1.691243053241946459e+00
6.404913470144766308e-01 6.322739691844632581e+00 5.559575598114287587e+00 5.131084577379084521e+00 1.695934921737869416e+00
6.404913470144766308e-01 2.586838134837472936e+00 3.066950706448518638e+00 3.467413366134269648e+00 1.703007510773428823e+00
6.404913470144766308e-01 1.658093668672752319e+00 2.474037221819341603e+00 3.089675233111337960e+00 1.686287554438066216e+00
6.404913470144766308e-01 1.751596765076913975e+00 2.535995433352648654e+00 3.132817652124693542e+00 1.686233819619806784e+00
6.404913470144766308e-01 3.550126638676255109e+00 3.715353136900536590e+00 3.904292630210727921e+00 1.697160775367130281e+00
6.404913470144766308e-01 5.467146208175154065e+00 4.985670735173648893e+00 4.745717942801715772e+00 1.701455109893621476e+00
6.404913470144766308e-01 3.696018342778654375e+00 3.821464935081548386e+00 3.981591575167175101e+00 1.688966581743560624e+00
6.404913470144766308e-01 1.589645714648488362e+00 2.428219299276198839e+00 3.059897288955295114e+00 1.686674774678442734e+00
6.404913470144766308e-01 7.005249390473246685e+00 6.011907977160680261e+00 5.431026275259220881e+00 1.696323258476959417e+00
6.404913470144766308e-01 3.979398804365058773e+00 4.010159661836976142e+00 4.106393677728418012e+00 1.688860961981799580e+00
6.404913470144766308e-01 2.920595980021726490e+00 3.303757895833546954e+00 3.634703029114459749e+00 1.691709884429639654e+00
6.404913470144766308e-01 3.296647396230919735e+00 3.558190889874528029e+00 3.808165702724473078e+00 1.688362054108332178e+00
6.404913470144766308e-01 4.653466231745569281e+00 4.448000149657784341e+00 4.391270483430559146e+00 1.697443522757124956e+00
6.404913470144766308e-01 2.319128850961309496e+00 2.895296742396946676e+00 3.358941264696659434e+00 1.697697582641228831e+00
6.404913470144766308e-01 3.005240196817398068e+00 3.361687022227002331e+00 3.675131109690307873e+00 1.690650240539859350e+00
6.404913470144766308e-01 7.333239867129562661e+00 6.233708547174972026e+00 5.582210226970475198e+00 1.690192335753055719e+00
6.404913470144766308e-01 3.264625914382369487e+00 3.529344428393498934e+00 3.784718832890061613e+00 1.693348455066918667e+00
6.404913470144766308e-01 7.081331905583428288e+00 6.069255583918049979e+00 5.472488883799364601e+00 1.687417679480867072e+00
6.404913470144766308e-01 6.623597690736504617e+00 5.762115892647278415e+00 5.268256526254460503e+00 1.689715550372075104e+00
6.404913470144766308e-01 4.856238488328120440e+00 4.589734926427795791e+00 4.491103998968576150e+00 1.690689446171376176e+00
6.404913470144766308e-01 2.369319500023203684e+00 2.947651427328211504e+00 3.404475113768370420e+00 1.685073643049481706e+00
6.404913470144766308e-01 6.774322063791208492e+00 5.862963405150309448e+00 5.336280133484763155e+00 1.688418521330328215e+00
6.404913470144766308e-01 3.063438898597810489e+00 3.396166351761321867e+00 3.695706726506243545e+00 1.693717954662663505e+00
6.404913470144766308e-01 6.863274761969043070e+00 5.918206077526310338e+00 5.369244211233803910e+00 1.695446549790271540e+00
6.404913470144766308e-01 7.393066025615853576e+00 6.272195728395793424e+00 5.606022810671240642e+00 1.693737994862847263e+00
6.404913470144766308e-01 3.386357197229671101e+00 3.617954105919011454e+00 3.847717909680692827e+00 1.688025445091949628e+00
6.404913470144766308e-01 5.855772714879249108e+00 5.256311163700075895e+00 4.935926583218952501e+00 1.687217232749667062e+00
6.404913470144766308e-01 5.836251342149202159e+00 5.234086599560210828e+00 4.912843388927024435e+00 1.698266758859596770e+00
6.404913470144766308e-01 2.050123491152127109e+00 2.731358592936139029e+00 3.261068017304681099e+00 1.687545672826040732e+00
6.404913470144766308e-01 3.502096255079000908e+00 3.683938150469893813e+00 3.884809610731944751e+00 1.696168640771751335e+00
6.404913470144766308e-01 4.098788305287597744e+00 4.090549671388825637e+00 4.161669280743374166e+00 1.687869310362144493e+00
6.404913470144766308e-01 1.647798911135734290e+00 2.467852342817607347e+00 3.087984725760795968e+00 1.684810684688959892e+00
6.404913470144766308e-01 3.985818129901534501e+00 4.016405927739379322e+00 4.112205599791113109e+00 1.686218611471952400e+00
6.404913470144766308e-01 2.858014587678276541e+00 3.254510238935544475e+00 3.598459760984364930e+00 1.696983897951442888e+00
6.404913470144766308e-01 2.237002423119756944e+00 2.855209726778896062e+00 3.342457744215093562e+00 1.688104206475360414e+00
6.404913470144766308e-01 7.005671421734462001e+00 6.011951135238671640e+00 5.430830967300057210e+00 1.696283668909788211e+00
6.404913470144766308e-01 6.681855423541328776e+00 5.803901202660400216e+00 5.298686020078554826e+00 1.687416521804323555e+00
6.404913470144766308e-01 5.855699170626705197e+00 5.252572855361957949e+00 4.929775128335349699e+00 1.692166043830907185e+00
6.404913470144766308e-01 5.039746329291876492e+00 4.714395110568707636e+00 4.574519037123063292e+00 1.687787805868459223e+00
6.404913470144766308e-01 7.111267351009537663e+00 6.089502550816264126e+00 5.488423191907452647e+00 1.686588448757770919e+00
6.404913470144766308e-01 3.327509132306064821e+00 3.577059363268658920e+00 3.820839130829348118e+00 1.688807485383412299e+00
6.404913470144766308e-01 6.352065058921185781e+00 5.584054126565787257e+00 5.152565118961478952e+00 1.687342574558345909e+00
6.404913470144766308e-01 4.789059756365597664e+00 4.549348108584580608e+00 4.466461911754434411e+00 1.686107699142942451e+00
6.404913470144766308e-01 3.814724864095096812e+00 3.902289182109413446e+00 4.037464059644443104e+00 1.686751731927440545e+00
6.404913470144766308e-01 4.240307628922721506e+00 4.181982730275509041e+00 4.221996443470836802e+00 1.688920549831776086e+00
6.404913470144766308e-01 4.204859791453678497e+00 4.163209399598601479e+00 4.211507644447718413e+00 1.684910138009023672e+00
6.404913470144766308e-01 5.050323097710164966e+00 4.721518684292878909e+00 4.580112024543940841e+00 1.687885980051624379e+00
6.404913470144766308e-01 5.653947530415006639e+00 5.118992362846140232e+00 4.841212676100888679e+00 1.689794734435883239e+00
6.404913470144766308e-01 5.922116672178185937e+00 5.300070781117001140e+00 4.962601405071968230e+00 1.688460885553386692e+00
6.404913470144766308e-01 1.288570730165344624e+00 2.231084873732448681e+00 2.929989952465470893e+00 1.685181442882279779e+00
6.404913470144766308e-01 6.543545478729043907e+00 5.711099443055763558e+00 5.236095456359515232e+00 1.688110796934048086e+00
6.404913470144766308e-01 3.763491403817753600e+00 3.859620559802008799e+00 4.003012849019260244e+00 1.694018678950424128e+00
6.404913470144766308e-01 7.045458160070614539e+00 6.043156641927607708e+00 5.455729132035306961e+00 1.688567892730705733e+00
6.404913470144766308e-01 3.465698895678423597e+00 3.666471620696275302e+00 3.876462192027775977e+00 1.691548025726488103e+00
6.404913470144766308e-01 5.666286380972718639e+00 5.130348473452791325e+00 4.851372148622096425e+00 1.688113991993864804e+00
6.404913470144766308e-01 3.480721851440147674e+00 3.670581223741147703e+00 3.875693893367103016e+00 1.696035923588872230e+00
6.404913470144766308e-01 4.704411315533832294e+00 4.488775611271162091e+00 4.422722965584785726e+00 1.691087485795954581e+00
6.404913470144766308e-01 2.107550789937283842e+00 2.763847739817059779e+00 3.277667253544410464e+00 1.691748608962033718e+00
6.404913470144766308e-01 5.936234659274216341e+00 5.301329506782605172e+00 4.959107589677091532e+00 1.696022563590793286e+00
6.404913470144766308e-01 1.710318040452822874e+00 2.506756230366280036e+00 3.113118015927143212e+00 1.686860028066801132e+00
6.404913470144766308e-01 1.783242846305578500e+00 2.540382796056812609e+00 3.123938363602332124e+00 1.696867833073483212e+00
6.404913470144766308e-01 5.117967117909151931e+00 4.764730262068424871e+00 4.608977245085034369e+00 1.688164566568191027e+00
6.404913470144766308e-01 2.657640107141007402e+00 3.123229867047357278e+00 3.512110924288085023e+00 1.696135668190075219e+00
6.404913470144766308e-01 6.860407809474958540e+00 5.919068883110493395e+00 5.372998377189484032e+00 1.690761275947987308e+00
6.404913470144766308e-01 6.406347762597818907e+00 5.612042780340425807e+00 5.162922856104546376e+00 1.699740285799058448e+00
6.404913470144766308e-01 5.239141040176100717e+00 4.841716789895489370e+00 4.655082400228836015e+00 1.692963413330366151e+00
6.404913470144766308e-01 5.938049706888770984e+00 5.306109693834150320e+00 4.963211636959281137e+00 1.693181681498998614e+00
6.404913470144766308e-01 7.002645511744703732e+00 6.007518950821312487e+00 5.426392594225688981e+00 1.700761312186831464e+00
6.404913470144766308e-01 2.521571677478022355e+00 3.029374993735312938e+00 3.446942606430768663e+00 1.698417129891991451e+00
6.404913470144766308e-01 7.321135346677228206e+00 6.221841540247409874e+00 5.570352068765451747e+00 1.695882374136707949e+00
6.404913470144766308e-01 6.514037194289561405e+00 5.688314890319366768e+00 5.217659610067174825e+00 1.692523815782704943e+00
6.404913470144766308e-01 1.721091610529533966e+00 2.502425280726543022e+00 3.101088459227223648e+00 1.694557050563685330e+00
6.404913470144766308e-01 7.439286725203243300e+00 6.299374036069197658e+00 5.621263888787408902e+00 1.698007920057322817e+00
6.404913470144766308e-01 5.199319048711569913e+00 4.812802637192343802e+00 4.635428622709205193e+00 1.695496655865238456e+00
6.404913470144766308e-01 7.381191500467373601e+00 6.262163466613541729e+00 5.596470988352496789e+00 1.697050158188830871e+00
6.404913470144766308e-01 1.301984396365160279e+00 2.238362053499772575e+00 2.934985111617704590e+00 1.686239110317444556e+00
6.404913470144766308e-01 6.477557261835204194e+00 5.661156350301133955e+00 5.197362816205836289e+00 1.697468871406779822e+00
6.404913470144766308e-01 4.429708288765980662e+00 4.310008356662574869e+00 4.308207337810828541e+00 1.686252734207227544e+00
6.404913470144766308e-01 5.502169033322326541e+00 5.019801169592404300e+00 4.776663570971112271e+00 1.688801896732150531e+00
6.404913470144766308e-01 5.906025936878440241e+00 5.284728492374400233e+00 4.951151493910417756e+00 1.692151107081916184e+00
6.404913470144766308e-01 1.827429338622464261e+00 2.581977360096520790e+00 3.158497383397659508e+00 1.689152378400518018e+00
6.404913470144766308e-01 4.520442860457274392e+00 4.367093944863469801e+00 4.342650850384503158e+00 1.691316216003539985e+00
6.404913470144766308e-01 3.102390356637678259e+00 3.420490518766229115e+00 3.711351644296450925e+00 1.694140480423804718e+00
6.404913470144766308e-01 6.210899289550662061e+00 5.484785601354962736e+00 5.081400973914755426e+00 1.695128416045796893e+00
6.404913470144766308e-01 5.719928936810708464e+00 5.162056891014480620e+00 4.870770378181043192e+00 1.690679130746977066e+00
6.404913470144766308e-01 6.374859548366789141e+00 5.596924218272594231e+00 5.159036044598455995e+00 1.691682160715073380e+00
