6.814324440926342596e-01 2.417578743790406826e+00 2.803386346933955942e+00 3.083278674793256346e+00 2.000722520327615772e+00
6.814324440926342596e-01 5.734859373119936876e+00 5.147141856086413725e+00 4.741512374523350282e+00 2.007651008182076424e+00
6.814324440926342596e-01 6.601203242598405296e+00 5.760614991421743269e+00 5.175739378217336650e+00 2.002957575700095028e+00
6.814324440926342596e-01 6.897180734655298906e+00 5.970763289480531810e+00 5.323874768611643660e+00 2.006446115873505853e+00
6.814324440926342596e-01 7.078399999960245381e+00 6.100165987562432335e+00 5.414910200294460907e+00 2.004980271192615682e+00
6.814324440926342596e-01 6.721192777477364544e+00 5.845661834698502091e+00 5.235838758208957167e+00 2.004709561369448778e+00
6.814324440926342596e-01 1.274091120058070903e+00 1.991081572560472246e+00 2.506490986271487031e+00 2.005916882840916848e+00
6.814324440926342596e-01 6.060816553312999844e+00 5.379192851819937893e+00 4.905119725516120965e+00 2.003962770355227629e+00
6.814324440926342596e-01 5.381434396611771476e+00 4.895737747184604416e+00 4.563688971731050259e+00 2.008836453081395135e+00
6.814324440926342596e-01 1.451924623332408348e+00 2.113799358964715935e+00 2.593667496020913177e+00 2.008003385253560591e+00
6.814324440926342596e-01 4.861847534479233346e+00 4.528246376799887507e+00 4.303873756800611794e+00 2.008151049982831449e+00
6.814324440926342596e-01 4.850809192219802668e+00 4.520341673013142270e+00 4.297857234511326396e+00 2.008998131686499100e+00
6.814324440926342596e-01 5.879136133723603663e+00 5.252459566576018091e+00 4.813861100846866137e+00 2.005214438547218148e+00
6.885534723300072990e-01 6.641598570385375488e+00 5.771932139847887555e+00 5.154166318053972518e+00 1.880543283244902053e+00
6.885534723300072990e-01 4.983126474078538592e+00 4.624319584726308108e+00 4.360634085395782122e+00 1.880328258095109728e+00
6.885534723300072990e-01 5.434475680159806643e+00 4.937790533841616814e+00 4.576560497213467471e+00 1.880533652291775937e+00
6.885534723300072990e-01 2.188203192547492293e+00 2.691510899879437702e+00 3.024473712225118405e+00 1.879833784154036902e+00
6.885534723300072990e-01 5.321683356299125478e+00 4.858720574715412965e+00 4.523413131325241032e+00 1.879847620719701240e+00
6.885534723300072990e-01 4.787240770468142337e+00 4.489188669662626197e+00 4.266924354937573938e+00 1.880650186325025786e+00
6.885534723300072990e-01 1.636742931707064752e+00 2.310306289267947566e+00 2.759874569957257329e+00 1.880229279784082497e+00
6.885534723300072990e-01 5.294158735075553679e+00 4.839610987775862405e+00 4.509760861778561392e+00 1.880228722881360781e+00
6.885534723300072990e-01 2.054721173857566363e+00 2.598964101420302431e+00 2.959737704990663243e+00 1.880369465834206277e+00
6.885534723300072990e-01 4.377869760505750385e+00 4.207324391969231137e+00 4.071708281743332769e+00 1.880010796521085492e+00
6.885534723300072990e-01 3.398280208709478778e+00 3.529174692830459925e+00 3.603227187865833514e+00 1.880043241671951471e+00
6.885534723300072990e-01 1.963268643968371308e+00 2.535965040362753165e+00 2.914915505157690934e+00 1.881281931974529975e+00
6.885534723300072990e-01 2.117122139169984596e+00 2.642606669330168412e+00 2.988846278281544144e+00 1.880800466048619946e+00
6.885534723300072990e-01 6.913775578956523837e+00 5.960183824233501682e+00 5.284392885830151876e+00 1.880398196051435988e+00
6.885534723300072990e-01 5.052565922173316793e+00 4.672092115118403832e+00 4.394447382787996403e+00 1.879847209529461605e+00
6.885534723300072990e-01 6.667913522145427763e+00 5.789921188483821091e+00 5.166418143669924135e+00 1.880829668841961233e+00
6.885534723300072990e-01 3.305151294041152710e+00 3.464173306037291677e+00 3.556802045070875717e+00 1.881125360224500387e+00
6.885534723300072990e-01 6.345317062309912437e+00 5.566850322629151471e+00 5.012774344097441492e+00 1.879982168625731198e+00
6.885534723300072990e-01 4.562045017849998274e+00 4.333789155126209103e+00 4.159919291356528603e+00 1.879954388849598423e+00
6.885534723300072990e-01 6.522549804798265072e+00 5.690497961617662526e+00 5.097341917333864103e+00 1.880224737150955061e+00
6.885534723300072990e-01 7.013165699148565579e+00 6.028757475205607008e+00 5.331730129284657949e+00 1.880853267095750070e+00
6.885534723300072990e-01 1.579255716041836788e+00 2.270416947046528300e+00 2.732288375242059253e+00 1.880321324648361880e+00
6.885534723300072990e-01 3.033861456936627121e+00 3.277020350987862596e+00 3.428987485573354199e+00 1.880006737852080168e+00
6.885534723300072990e-01 7.494103368806746879e+00 6.361545162753277083e+00 5.562322928234631370e+00 1.879878777307253390e+00
6.885534723300072990e-01 5.028011806254079730e+00 4.655335285544594193e+00 4.382561395837667462e+00 1.879987522655317544e+00
6.885534723300072990e-01 7.005825538770023897e+00 6.024799963974498240e+00 5.328633443305925255e+00 1.879865502299067348e+00
6.885534723300072990e-01 6.861839524573946747e+00 5.924325481451839792e+00 5.260004971918239569e+00 1.879811228405123824e+00
6.885534723300072990e-01 7.440728551787505474e+00 6.325314423112387452e+00 5.536285319773715408e+00 1.880976200573649670e+00
6.885534723300072990e-01 4.179167216534221296e+00 4.068815770639887752e+00 3.976579224275562208e+00 1.880346538506425524e+00
6.885534723300072990e-01 5.444305187395920953e+00 4.944880498790044321e+00 4.581780608417032497e+00 1.879797180933064915e+00
6.885534723300072990e-01 6.234987031260509127e+00 5.491651183570511741e+00 4.960272339583271517e+00 1.879734847395888586e+00
6.885534723300072990e-01 5.717535006306879275e+00 5.133311397445183388e+00 4.712272821103046461e+00 1.880325192276202095e+00
6.885534723300072990e-01 7.397430719927577059e+00 6.294947548945197369e+00 5.515577400566807675e+00 1.880889181984766179e+00
6.885534723300072990e-01 4.892398234873363450e+00 4.562291649243069180e+00 4.316673634629837331e+00 1.881031596079105750e+00
6.885534723300072990e-01 2.830921034969210215e+00 3.135554571953235836e+00 3.329167681138946566e+00 1.881687193702439309e+00
6.885534723300072990e-01 7.494073115623507420e+00 6.362154745727110594e+00 5.562223128771357494e+00 1.880372523483522240e+00
6.885534723300072990e-01 2.181828877785100929e+00 2.687503380738684555e+00 3.020654504698042864e+00 1.880494946618798124e+00
6.885534723300072990e-01 5.242960807810892909e+00 4.805567758756728480e+00 4.485679667765182899e+00 1.879692852139043246e+00
6.885534723300072990e-01 6.688873673044051671e+00 5.804810742116123912e+00 5.175872047734797476e+00 1.881477742275519116e+00
6.885534723300072990e-01 2.595391460446529130e+00 2.974005620743517930e+00 3.218976286847439638e+00 1.880551609478939845e+00
6.885534723300072990e-01 4.299928504988806743e+00 4.152722385715613918e+00 4.034449059692498452e+00 1.880282724160728947e+00
6.885534723300072990e-01 7.483499149959989438e+00 6.354699658142019203e+00 5.556163266363801867e+00 1.881811859071955695e+00
6.885534723300072990e-01 2.810687352436333164e+00 3.122927304808935656e+00 3.322051063045389441e+00 1.880212262852181127e+00
6.885534723300072990e-01 2.945623889266498985e+00 3.216404629849254349e+00 3.386495131381577650e+00 1.880389055661433328e+00
6.885534723300072990e-01 7.251908263985350267e+00 6.194000789926230155e+00 5.446464749137259531e+00 1.879884192532139675e+00
6.885534723300072990e-01 6.681462782781180110e+00 5.799210176841157249e+00 5.173318645747601252e+00 1.880462290504685274e+00
6.885534723300072990e-01 2.092736472780963197e+00 2.626506615737876249e+00 2.978598944946535543e+00 1.880042071065775033e+00
6.885534723300072990e-01 2.174037233056835383e+00 2.682421740380808828e+00 3.016705355594802906e+00 1.880466328995502590e+00
6.885534723300072990e-01 4.406500306208957163e+00 4.226626807702293931e+00 4.085201751304889051e+00 1.880434540893811679e+00
6.885534723300072990e-01 5.440197780578454712e+00 4.941454362947165890e+00 4.579259944582682706e+00 1.880527448070408170e+00
6.885534723300072990e-01 1.430076173568548104e+00 2.167355355326727295e+00 2.660730321550865973e+00 1.880690435247927006e+00
6.885534723300072990e-01 7.154489576107311066e+00 6.126717917546819159e+00 5.399854003282536397e+00 1.879763384055641584e+00
6.885534723300072990e-01 6.378235801508465030e+00 5.590416001732316786e+00 5.028093858603648769e+00 1.880456760831525909e+00
6.885534723300072990e-01 6.553727444338134589e+00 5.710950309435980365e+00 5.111284919842370655e+00 1.881407699566730596e+00
6.885534723300072990e-01 3.544645529024802677e+00 3.629954900885388192e+00 3.672350707772894296e+00 1.880572955996588913e+00
6.885534723300072990e-01 5.776059973526807667e+00 5.172847397636931355e+00 4.740472468333965850e+00 1.880027257586789347e+00
6.885534723300072990e-01 6.816871801594691860e+00 5.893369069862417042e+00 5.238493165452243971e+00 1.879789225343930781e+00
6.885534723300072990e-01 7.224400620369721970e+00 6.175891499706560595e+00 5.433167353431039182e+00 1.880386808477008120e+00
6.885534723300072990e-01 2.577765752911902908e+00 2.961373462482631780e+00 3.209249640054602004e+00 1.880871973806159669e+00
6.885534723300072990e-01 4.919105895952943008e+00 4.581016081197994971e+00 4.330817554810339587e+00 1.879677816226148490e+00
6.885534723300072990e-01 4.631446355219915212e+00 4.381352703263085679e+00 4.191587852307955053e+00 1.881197694873206760e+00
6.885534723300072990e-01 6.759143863689111242e+00 5.853632160196429624e+00 5.209445324176563474e+00 1.881614110848672805e+00
6.885534723300072990e-01 2.162327979237466558e+00 2.674723966313508505e+00 3.011420246133178935e+00 1.880204455806437913e+00
6.885534723300072990e-01 1.790487347296613851e+00 2.416857972317885572e+00 2.833657241214251776e+00 1.880327738278568805e+00
6.885534723300072990e-01 2.380104401938798908e+00 2.825994641390956019e+00 3.116439547121387932e+00 1.879609915450792812e+00
6.885534723300072990e-01 7.224964587277480810e+00 6.175622715969768528e+00 5.432345396428227779e+00 1.881705290105910588e+00
6.885534723300072990e-01 7.198951388075908397e+00 6.158391575755137737e+00 5.421122685420221465e+00 1.879802891713240331e+00
6.885534723300072990e-01 7.469270733363025272e+00 6.344766236772554358e+00 5.550322749403781231e+00 1.880729141544146277e+00
6.885534723300072990e-01 3.411915331983060629e+00 3.538071900051260155e+00 3.609126513540888759e+00 1.880206227839340549e+00
6.885534723300072990e-01 5.383611705861282459e+00 4.902066503907595241e+00 4.551718461346177413e+00 1.881115545876481665e+00
6.885534723300072990e-01 5.406649704788259569e+00 4.917657350723172449e+00 4.562159356124235288e+00 1.881535049895119993e+00
6.919348022168645418e-01 5.616608446355968454e+00 5.062130843900839672e+00 4.662169770441250805e+00 1.882259151657237339e+00
6.919348022168645418e-01 6.387129367415629311e+00 5.595162911090524993e+00 5.033072399375360106e+00 1.880350636671765940e+00
6.919348022168645418e-01 4.966040011030400159e+00 4.612004004972320104e+00 4.349725825315915451e+00 1.883359350145521471e+00
6.919348022168645418e-01 6.595220743782517658e+00 5.739347518676547466e+00 5.130125633117999406e+00 1.883041855764135963e+00
6.919348022168645418e-01 5.106713097404695922e+00 4.708603553758783811e+00 4.419112173282407241e+00 1.884696724785388522e+00
6.919348022168645418e-01 4.495637426816819548e+00 4.286530374094591700e+00 4.125302760214935915e+00 1.883160687740621508e+00
6.919348022168645418e-01 1.251329504797130898e+00 2.040913326195667121e+00 2.571120934349834464e+00 1.883016303354110299e+00
6.919348022168645418e-01 3.623043953533798600e+00 3.682958388849347120e+00 3.710645467389546592e+00 1.881197631874567122e+00
6.919558731884447589e-01 7.283230901475402419e+00 6.211508299472177086e+00 5.459197140342958221e+00 1.848223669227442301e+00
6.919558731884447589e-01 4.571339172652275629e+00 4.348221417943914702e+00 4.179430371993595017e+00 1.847441062566190784e+00
6.934752270664263918e-01 7.263938697427954949e+00 6.188269094464326159e+00 5.442172685878211347e+00 1.858254894496726983e+00
6.934752270664263918e-01 6.719076063075482885e+00 5.810974574517840274e+00 5.182833036836886897e+00 1.856611096353628643e+00
6.934752270664263918e-01 7.212895914428274935e+00 6.151065066735071696e+00 5.416456072848868430e+00 1.856346050802875070e+00
6.934752270664263918e-01 2.129028087806117853e+00 2.650749213174620866e+00 3.005437086267106928e+00 1.858846280771944137e+00
6.934752270664263918e-01 6.639076837880047322e+00 5.756877279925772584e+00 5.145255557522876444e+00 1.858806477169381299e+00
6.934752270664263918e-01 6.231389170514995079e+00 5.477352635598806252e+00 4.952411964910224285e+00 1.858610639543014642e+00
