4.710702055204720740e-01 4.802608061087706659e+00 4.428148801814882241e+00 4.130469211953047726e+00 2.316136418399441510e+00
4.710702055204720740e-01 3.388405891116255120e+00 3.384023861153935719e+00 3.356793308208436244e+00 2.313120644371555734e+00
4.710702055204720740e-01 5.664040670498716068e+00 5.070210789385349415e+00 4.606152675657775752e+00 2.312435468009559347e+00
4.710702055204720740e-01 6.503594693030777307e+00 5.692815464691928895e+00 5.067769961675946178e+00 2.313630145646488057e+00
4.710702055204720740e-01 1.631388132393130519e+00 2.075788413351176143e+00 2.386410175032978032e+00 2.317495199795103211e+00
4.710702055204720740e-01 6.243330701581148112e+00 5.500955227538612213e+00 4.926079253573083072e+00 2.313346058963228202e+00
4.710702055204720740e-01 2.770266565407120574e+00 2.926566919468220451e+00 3.017583815509425449e+00 2.313043246780583928e+00
4.710702055204720740e-01 5.476795456231070780e+00 4.927450524907279750e+00 4.500702486548265213e+00 2.317483550167753759e+00
4.710702055204720740e-01 6.255229737342689944e+00 5.507781732610527392e+00 4.930063185612129750e+00 2.316342404711890790e+00
4.710702055204720740e-01 6.382637610339374490e+00 5.601989023352020425e+00 5.001933617983780778e+00 2.313484390633206988e+00
4.710702055204720740e-01 3.286343244120296436e+00 3.310786163922233349e+00 3.303753979660511320e+00 2.311054550459545887e+00
4.710702055204720740e-01 5.354718098416605621e+00 4.842470176429403139e+00 4.436999839319341277e+00 2.313941601560878247e+00
4.710702055204720740e-01 1.712717765755260579e+00 2.141434238014617630e+00 2.437718343674319499e+00 2.310149820067255444e+00
4.710702055204720740e-01 2.723214479366570462e+00 2.892341747736256075e+00 2.992568064174722320e+00 2.313629457784003307e+00
4.710702055204720740e-01 7.264539526418754889e+00 6.253789005961086112e+00 5.483554594519829628e+00 2.315142467109956304e+00
4.710702055204720740e-01 6.471970957660429846e+00 5.666914858001807609e+00 5.048819316528282641e+00 2.311936581514879574e+00
4.710702055204720740e-01 4.344542842857403109e+00 4.089803183669852515e+00 3.880886518171180022e+00 2.314807391176652018e+00
4.710702055204720740e-01 5.094220571299509004e+00 4.648076210814609865e+00 4.294192660078852697e+00 2.312338248440470867e+00
4.710702055204720740e-01 3.741534979770929414e+00 3.643167141742397419e+00 3.548717710072359033e+00 2.314762342463938527e+00
4.710702055204720740e-01 7.018141246940577282e+00 6.072683003326532436e+00 5.349500150275390276e+00 2.312537237459120210e+00
4.710702055204720740e-01 5.379665498146104952e+00 4.856263738581690248e+00 4.448734455453252856e+00 2.313011349707456699e+00
4.710702055204720740e-01 2.069859459441230953e+00 2.405235683693254245e+00 2.630730711541933164e+00 2.314054593412582239e+00
4.710702055204720740e-01 4.945171455518498682e+00 4.533499574295341894e+00 4.209983901493460579e+00 2.313063612789794110e+00
4.710702055204720740e-01 6.756905615681403354e+00 5.877983053764525678e+00 5.204873381086932760e+00 2.316304730462057648e+00
4.710702055204720740e-01 2.796450496424029541e+00 2.943272358736652716e+00 3.028274102156292891e+00 2.315273339416812348e+00
4.710702055204720740e-01 2.954427058617770108e+00 3.063672560722910276e+00 3.120596174080517926e+00 2.312070454689105770e+00
4.710702055204720740e-01 7.359370665118803778e+00 6.325078129017116524e+00 5.537087859400942946e+00 2.312637251088689450e+00
4.710702055204720740e-01 2.050599965353957721e+00 2.387996501899845470e+00 2.619272573615218924e+00 2.314027842342787356e+00
4.710702055204720740e-01 4.902743324418430859e+00 4.503556640425882662e+00 4.187246900986119513e+00 2.315655798712290547e+00
4.710702055204720740e-01 4.442518884601043716e+00 4.164024461512343400e+00 3.932648053923130327e+00 2.316472396308808523e+00
4.710702055204720740e-01 4.729702438390870789e+00 4.379128101464568878e+00 4.093328482166055160e+00 2.313925115460337967e+00
4.710702055204720740e-01 5.031180855072250324e+00 4.600226010266826648e+00 4.258733710615724810e+00 2.312480835918806488e+00
4.710702055204720740e-01 7.437949812002443650e+00 6.381562101898107464e+00 5.579034509069760617e+00 2.315634608444581133e+00
4.710702055204720740e-01 6.071440217202722422e+00 5.369779898262391882e+00 4.829178371033049366e+00 2.315296467869081276e+00
4.710702055204720740e-01 5.376608111908526055e+00 4.853036452212435847e+00 4.446905375600207933e+00 2.313583311020517286e+00
4.710702055204720740e-01 6.394213608731288190e+00 5.611395583090828865e+00 5.008064910143915860e+00 2.312947135650884611e+00
4.710702055204720740e-01 3.460908907378692945e+00 3.432712363944817380e+00 3.394016149469567534e+00 2.316343951315069649e+00
4.710702055204720740e-01 1.887644100773500977e+00 2.268348262425731843e+00 2.530752885687117093e+00 2.313619580357841876e+00
4.710702055204720740e-01 6.986355772183718393e+00 6.049430250755904126e+00 5.332540020795355495e+00 2.315494336117820406e+00
4.710702055204720740e-01 4.045034659050381620e+00 3.867899865933689174e+00 3.716237713944537724e+00 2.311458278504068264e+00
4.710702055204720740e-01 6.738457874382627111e+00 5.867456772176240065e+00 5.197342234512715820e+00 2.312359974545152852e+00
4.710702055204720740e-01 3.655582735484391055e+00 3.583671300518757707e+00 3.505215395568983094e+00 2.311825354502659025e+00
4.710702055204720740e-01 1.519919971568869599e+00 1.999781557050408054e+00 2.330552423334368406e+00 2.312910171217328337e+00
4.710702055204720740e-01 3.435294029174162489e+00 3.417437035492016939e+00 3.382827687192526245e+00 2.311426808956575929e+00
4.710702055204720740e-01 1.719143762826246924e+00 2.143023984621608147e+00 2.434549030913189860e+00 2.317772875804964272e+00
4.710702055204720740e-01 2.511251638278830356e+00 2.733703039900503118e+00 2.875103581191278401e+00 2.311967367650300531e+00
4.710702055204720740e-01 5.071778349037205480e+00 4.629343771029446941e+00 4.280932260952304169e+00 2.310795843347135392e+00
4.710702055204720740e-01 6.214619300268219071e+00 5.479647302469512482e+00 4.909982263260483926e+00 2.311583733765019133e+00
4.710702055204720740e-01 6.063949784882264993e+00 5.363891665630804440e+00 4.823407687168087321e+00 2.317198253496790539e+00
4.710702055204720740e-01 2.102319577585836097e+00 2.429037929783723015e+00 2.650857683922075658e+00 2.311265924241860947e+00
4.710702055204720740e-01 1.696553129875679300e+00 2.130649417063732898e+00 2.429068707755914325e+00 2.312929826305947234e+00
4.710702055204720740e-01 3.254664977685409522e+00 3.282819051569878077e+00 3.282020116184361846e+00 2.313986745656226862e+00
4.710702055204720740e-01 6.722578493937989563e+00 5.856485298695135455e+00 5.189114577591247723e+00 2.311900141266143294e+00
4.710702055204720740e-01 4.390125746536398310e+00 4.124060746497166363e+00 3.903133363310989257e+00 2.317157583187059444e+00
4.710702055204720740e-01 3.229106661745811735e+00 3.264556598784695396e+00 3.266586599203430641e+00 2.314922187311498902e+00
4.710702055204720740e-01 4.114465139683317396e+00 3.920554138254332965e+00 3.753838435053657552e+00 2.315194007059131476e+00
4.710702055204720740e-01 5.332999470867166636e+00 4.825496854576879713e+00 4.425423845847532789e+00 2.313830459560779484e+00
4.710702055204720740e-01 1.588569690756591157e+00 2.048796327728414024e+00 2.367172670458262740e+00 2.313679091861795545e+00
4.710702055204720740e-01 5.924643840081637691e+00 5.260731444088863284e+00 4.747148337455498357e+00 2.315628268391720646e+00
4.710702055204720740e-01 3.131486312547534290e+00 3.197533269841704051e+00 3.220179737185159929e+00 2.310758208447498685e+00
4.710702055204720740e-01 4.204703540994140454e+00 3.987053347169105422e+00 3.802771069090293388e+00 2.314458611957010969e+00
4.710702055204720740e-01 6.007990449788713327e+00 5.322833040777022795e+00 4.794406061332285418e+00 2.316222210430480821e+00
4.710702055204720740e-01 3.050168334899864053e+00 3.132005203724555820e+00 3.170611977223833922e+00 2.311643610876497057e+00
4.710702055204720740e-01 1.311940510611870003e+00 1.840464781360998447e+00 2.211955927305294001e+00 2.315693015201214511e+00
4.710702055204720740e-01 2.838121355304372706e+00 2.976385189653899310e+00 3.055332478796533469e+00 2.313607562581008192e+00
4.710702055204720740e-01 5.281772335125733520e+00 4.785885654488647667e+00 4.393648205359180103e+00 2.316369266446283159e+00
4.710702055204720740e-01 2.124492569190029378e+00 2.446279815602305341e+00 2.661106458640194017e+00 2.313738003565775081e+00
4.710702055204720740e-01 3.047201937171696073e+00 3.128954251033550626e+00 3.168510724398526435e+00 2.314071888368600671e+00
4.710702055204720740e-01 6.372976166610918369e+00 5.597073992422000543e+00 4.996809163846860358e+00 2.312110337952482109e+00
4.710702055204720740e-01 3.994020803674451336e+00 3.830109025184603055e+00 3.685855600009675825e+00 2.316118991348163902e+00
4.710702055204720740e-01 2.112561096064442978e+00 2.435645087507723794e+00 2.654596703873314034e+00 2.312792108749275322e+00
4.710702055204720740e-01 1.301443309125499326e+00 1.836344918693714412e+00 2.209179570871250053e+00 2.315131223486019962e+00
4.710702055204720740e-01 6.448352363479401994e+00 5.648391112281951010e+00 5.034652726170690151e+00 2.317599573499053989e+00
4.710702055204720740e-01 1.858642673141665647e+00 2.253225253518198024e+00 2.520486104414012551e+00 2.311376106328977276e+00
4.710702055204720740e-01 6.113036544290692653e+00 5.401948990945600215e+00 4.852298615906345702e+00 2.314635860231910591e+00
4.710702055204720740e-01 3.577459424936455523e+00 3.523597409447098983e+00 3.459187366837210842e+00 2.315565465833386849e+00
4.710702055204720740e-01 6.521597878001045956e+00 5.704088913795895444e+00 5.076292479783441003e+00 2.314120036884830256e+00
4.710702055204720740e-01 6.724601945348258170e+00 5.856842367375913128e+00 5.188433469721426050e+00 2.314897650613394475e+00
4.710702055204720740e-01 2.196212404737577284e+00 2.503910995578965792e+00 2.706211863865522371e+00 2.310540041966628877e+00
4.710702055204720740e-01 6.801752244903289224e+00 5.910916813915626733e+00 5.229302007235190786e+00 2.315580774594492297e+00
4.710702055204720740e-01 6.001252947379881242e+00 5.319113333332094129e+00 4.790935357060368105e+00 2.312653847203252067e+00
4.710702055204720740e-01 4.312666211651791315e+00 4.065781421526034833e+00 3.862131479645727339e+00 2.314847932853021373e+00
4.710702055204720740e-01 2.098155654156367511e+00 2.430841917485082160e+00 2.650893407729606910e+00 2.311979047597083614e+00
4.710702055204720740e-01 2.924235583708755470e+00 3.037044779970297537e+00 3.100592050114257425e+00 2.314741805068947222e+00
4.710702055204720740e-01 6.673703694798630792e+00 5.816287889579509596e+00 5.160531667198966943e+00 2.311921573758668469e+00
4.710702055204720740e-01 5.467915306923044838e+00 4.920988215280527101e+00 4.497094947302184842e+00 2.312578309823059008e+00
4.710702055204720740e-01 2.598184412360867945e+00 2.793392233311065009e+00 2.917989398327985207e+00 2.317041300897986211e+00
4.710702055204720740e-01 2.766348592643685933e+00 2.920986855474096533e+00 3.015512346547513545e+00 2.309842168632256776e+00
4.710702055204720740e-01 5.926565168094998448e+00 5.263906333260215398e+00 4.749428166339145108e+00 2.313103974859012091e+00
4.710702055204720740e-01 2.611158647479419948e+00 2.805392983636908699e+00 2.927891649992342415e+00 2.313376019085349178e+00
4.710702055204720740e-01 5.630888019213234230e+00 5.045178166633284889e+00 4.587109401677390785e+00 2.315577678772622328e+00
4.710702055204720740e-01 6.157156934863539988e+00 5.434521786089613116e+00 4.876378558152875797e+00 2.312862359952254643e+00
4.710702055204720740e-01 2.063171918646403480e+00 2.403509581173565390e+00 2.629932332164566233e+00 2.313266216628562244e+00
4.710702055204720740e-01 5.051169990423862721e+00 4.613421734702528809e+00 4.268911081477379632e+00 2.315623015063326129e+00
4.710702055204720740e-01 7.005870421340151921e+00 6.065250894511439839e+00 5.342365398750311023e+00 2.315021846414455631e+00
4.710702055204720740e-01 5.004253192179853649e+00 4.581715660090003972e+00 4.243961652803994511e+00 2.314831897026075058e+00
4.710702055204720740e-01 2.255881342480264617e+00 2.542531020181700185e+00 2.734115172619703493e+00 2.313542002820614396e+00
4.710702055204720740e-01 5.337059437943898921e+00 4.829594237844317739e+00 4.428802720767147427e+00 2.311079951124679344e+00
4.710702055204720740e-01 4.870528668114526560e+00 4.483243424439636193e+00 4.171654807798185871e+00 2.313732581656589016e+00
4.710702055204720740e-01 7.466394170813263287e+00 6.408643219974501370e+00 5.598500336417405521e+00 2.311169260866341446e+00
